QSP angles in QSVT format for x^d for d in range(5, 105, 5)
4.798870413589542  -1.3337572929441466 -1.0656781761264904 -1.0656781761264904 -1.3337572929441466
0.0024620209036864 -1.5579437743305427 -1.5094630298964558 -1.3946775170584194 -1.240661683583696  -1.16334115007359 -1.240661683583696  -1.3946775170584194 -1.5094630298964558 -1.5579437743305427
1.5708700940583573 -1.570229548098263  -1.5667059235203016 -1.552359452897421  -1.5125850618308219 -1.4344127371554183 -1.328367238516785  -1.245553308092736  -1.245553308092736 -1.328367238516785  -1.4344127371554183 -1.5125850618308219 -1.552359452897421  -1.5667059235203016 -1.570229548098263 
3.141594901432145  -1.5707734882296307 -1.570575186259507 -1.5694383643715426 -1.5648571637395954 -1.5510945606739057 -1.5192575495130374 -1.4618877696846801 -1.3830458865085573 -1.3080885004271323 -1.276299715779844  -1.3080885004271323 -1.3830458865085573 -1.4618877696846801 -1.5192575495130374 -1.5510945606739057 -1.5648571637395954 -1.5694383643715426 -1.570575186259507  -1.5707734882296307
4.712389049428642  -1.570795453796777  -1.5707857106683842 -1.5707136598498843 -1.5703332005479989 -1.5688077273195011 -1.5639871987827774 -1.5516935033725912 -1.5260272408032474 -1.4819894855720823 -1.4208173766697503 -1.3558934947790122 -1.3123140028194578 -1.3123140028194578 -1.3558934947790122 -1.4208173766697503 -1.4819894855720823 -1.5260272408032474 -1.5516935033725912 -1.5639871987827774 -1.5688077273195011 -1.5703332005479989 -1.5707136598498843 -1.5707857106683842 -1.570795453796777 
2.1302854909779645e-09 -1.5707962945593652e+00 -1.5707958547154193e+00 -1.5707918705036878e+00 -1.5707658520853660e+00 -1.5706354419875019e+00 -1.5701139769957166e+00 -1.5684071556589916e+00 -1.5637522659480905e+00 -1.5530444347272749e+00 -1.5321120283255645e+00 -1.4972908347691822e+00 -1.4485134534317927e+00 -1.3930425772860779e+00 -1.3468219065916176e+00 -1.3285297818675834e+00 -1.3468219065916176e+00 -1.3930425772860779e+00 -1.4485134534317927e+00 -1.4972908347691822e+00 -1.5321120283255645e+00 -1.5530444347272749e+00 -1.5637522659480905e+00 -1.5684071556589916e+00 -1.5701139769957166e+00 -1.5706354419875019e+00 -1.5707658520853660e+00 -1.5707918705036878e+00 -1.5707958547154193e+00 -1.5707962945593652e+00
1.570796326860811  -1.5707963256333197 -1.5707963068939488 -1.5707961059692446 -1.5707945427610344 -1.5707851419092855 -1.57073968614693   -1.570558208192652  -1.5699485992840558 -1.5682018449574098 -1.563889198838074  -1.554648254783763 -1.5373875343138965 -1.509271958295486  -1.469628153376733 -1.422391108078457  -1.3776940194970795 -1.3498126653204188 -1.3498126653204188 -1.3776940194970795 -1.422391108078457 -1.469628153376733  -1.509271958295486  -1.5373875343138965 -1.554648254783763  -1.563889198838074  -1.5682018449574098 -1.5699485992840558 -1.570558208192652  -1.57073968614693 -1.5707851419092855 -1.5707945427610344 -1.5707961059692446 -1.5707963068939488 -1.5707963256333197
3.1415926535918364 -1.5707963267537939 -1.5707963259883289 -1.5707963165070291 -1.5707962308943175 -1.570795630336655 -1.570792224676819  -1.570776183809113  -1.570712201746957 -1.570492948778606  -1.5698403719067229 -1.5681392084582582 -1.564230374668599  -1.5562771459994662 -1.5419074797397243 -1.5188515450233675 -1.4861722012614367 -1.4459183096736694 -1.4045234801513264 -1.3724207019996684 -1.3601905258179372 -1.3724207019996684 -1.4045234801513264 -1.4459183096736694 -1.4861722012614367 -1.5188515450233675 -1.5419074797397243 -1.5562771459994662 -1.564230374668599  -1.5681392084582582 -1.5698403719067229 -1.570492948778606  -1.570712201746957 -1.570776183809113  -1.570792224676819  -1.570795630336655 -1.5707962308943175 -1.5707963165070291 -1.5707963259883289 -1.5707963267537939
4.712388980384753  -1.5707963267934626 -1.57079632676318 -1.5707963263376796 -1.5707963219638967 -1.5707962869060308 -1.5707960588293775 -1.5707948211154885 -1.570789106690853 -1.5707663264727258 -1.5706870190570705 -1.5704437415051664 -1.5697815719799464 -1.5681734576986552 -1.5646739351164698 -1.5578282810410515 -1.5457681412534252 -1.526634512944946 -1.4994004315758207 -1.4650171604321798 -1.4275417609461238 -1.39441226833466   -1.3746311045634947 -1.3746311045634947 -1.39441226833466   -1.4275417609461238 -1.4650171604321798 -1.4994004315758207 -1.526634512944946  -1.5457681412534252 -1.5578282810410515 -1.5646739351164698 -1.5681734576986552 -1.5697815719799464 -1.5704437415051664 -1.5706870190570705 -1.5707663264727258 -1.570789106690853  -1.5707948211154885 -1.5707960588293775 -1.5707962869060308 -1.5707963219638967 -1.5707963263376796 -1.57079632676318   -1.5707963267934626
2.1896823647890634e-15 -1.5707963267948470e+00 -1.5707963267936786e+00 -1.5707963267753187e+00 -1.5707963265636515e+00 -1.5707963246552905e+00 -1.5707963106475686e+00 -1.5707962246008653e+00 -1.5707957733454840e+00 -1.5707937223861859e+00 -1.5707855491379263e+00 -1.5707567264917777e+00 -1.5706661156645143e+00 -1.5704106553519379e+00 -1.5697616330313346e+00 -1.5682699625261021e+00 -1.5651590520392158e+00 -1.5592586402667141e+00 -1.5490671993314897e+00 -1.5330379321682441e+00 -1.5101435995594619e+00 -1.4806883163766400e+00 -1.4471873762913912e+00 -1.4148572376707360e+00 -1.3909017086067783e+00 -1.3819934766905662e+00 -1.3909017086067783e+00 -1.4148572376707360e+00 -1.4471873762913912e+00 -1.4806883163766400e+00 -1.5101435995594619e+00 -1.5330379321682441e+00 -1.5490671993314897e+00 -1.5592586402667141e+00 -1.5651590520392158e+00 -1.5682699625261021e+00 -1.5697616330313346e+00 -1.5704106553519379e+00 -1.5706661156645143e+00 -1.5707567264917777e+00 -1.5707855491379263e+00 -1.5707937223861859e+00 -1.5707957733454840e+00 -1.5707962246008653e+00 -1.5707963106475686e+00 -1.5707963246552905e+00 -1.5707963265636515e+00 -1.5707963267753187e+00 -1.5707963267936786e+00 -1.5707963267948470e+00
1.5707963267948968 -1.5707963267948948 -1.5707963267948506 -1.570796326794083  -1.5707963267842744 -1.5707963266860303 -1.5707963258829483 -1.570796320375056  -1.570796288037484 -1.5707961230234602 -1.5707953824634755 -1.5707924318544666 -1.5707819151443279 -1.5707481733293538 -1.5706502233440862 -1.5703918623984645 -1.56977049265169   -1.5684040005437225 -1.5656499238029566 -1.5605544785257197 -1.5518918126967838 -1.5383600173953584 -1.518976933075047  -1.4936654396977884 -1.4639321192877297 -1.4333841100803295 -1.4075765780013545 -1.3926103369258382 -1.3926103369258382 -1.4075765780013545 -1.4333841100803295 -1.4639321192877297 -1.4936654396977884 -1.518976933075047  -1.5383600173953584 -1.5518918126967838 -1.5605544785257197 -1.5656499238029566 -1.5684040005437225 -1.56977049265169   -1.5703918623984645 -1.5706502233440862 -1.5707481733293538 -1.5707819151443279 -1.5707924318544666 -1.5707953824634755 -1.5707961230234602 -1.570796288037484 -1.570796320375056  -1.5707963258829483 -1.5707963266860303 -1.5707963267842744 -1.570796326794083  -1.5707963267948506 -1.5707963267948948
3.1415926535897927 -1.5707963267948966 -1.570796326794895 -1.5707963267948637 -1.5707963267944252 -1.5707963267895928 -1.5707963267460612 -1.5707963264163622 -1.5707963242741219 -1.5707963121485906 -1.570796251641887  -1.5707959829083007 -1.570794912308715  -1.5707910619921615 -1.5707784947262253 -1.5707411013512167 -1.5706392932982096 -1.5703848650483685 -1.5697996982291962 -1.5685584502218282 -1.5661259835974923 -1.5617163926410216 -1.5543162927176555 -1.5428203356676675 -1.5263129728503166 -1.5044967030949135 -1.4782144062118145 -1.4499208643669341 -1.4237942769985188 -1.405038575213408 -1.3981798017262874 -1.405038575213408  -1.4237942769985188 -1.4499208643669341 -1.4782144062118145 -1.5044967030949135 -1.5263129728503166 -1.5428203356676675 -1.5543162927176555 -1.5617163926410216 -1.5661259835974923 -1.5685584502218282 -1.5697996982291962 -1.5703848650483685 -1.5706392932982096 -1.5707411013512167 -1.5707784947262253 -1.5707910619921615 -1.570794912308715  -1.5707959829083007 -1.570796251641887 -1.5707963121485906 -1.5707963242741219 -1.5707963264163622 -1.5707963267460612 -1.5707963267895928 -1.5707963267944252 -1.5707963267948637 -1.570796326794895  -1.5707963267948966
4.71238898038469   -1.5707963267948966 -1.5707963267948966 -1.5707963267948952 -1.5707963267948764 -1.5707963267946474 -1.570796326792395  -1.5707963267737257 -1.5707963266407305 -1.5707963258138729 -1.570796321272974  -1.57079629903186 -1.570796201107175  -1.5707958110058353 -1.5707943972325586 -1.570789714525612  -1.5707754838841799 -1.570735672677432 -1.5706328549469493 -1.5703871269788485 -1.5698425719844886 -1.5687217022550703 -1.5665759649616597 -1.5627517777516746 -1.5564028906662357 -1.546584463750532  -1.532456046368825 -1.5135987270345972 -1.4904179501972954 -1.4645480773258805 -1.4390717839932234 -1.4182387606750595 -1.4064070165630962 -1.4064070165630962 -1.4182387606750595 -1.4390717839932234 -1.4645480773258805 -1.4904179501972954 -1.5135987270345972 -1.532456046368825  -1.546584463750532  -1.5564028906662357 -1.5627517777516746 -1.5665759649616597 -1.5687217022550703 -1.5698425719844886 -1.5703871269788485 -1.5706328549469493 -1.570735672677432  -1.5707754838841799 -1.570789714525612 -1.5707943972325586 -1.5707958110058353 -1.570796201107175 -1.57079629903186   -1.570796321272974  -1.5707963258138729 -1.5707963266407305 -1.5707963267737257 -1.570796326792395 -1.5707963267946474 -1.5707963267948764 -1.5707963267948952 -1.5707963267948966 -1.5707963267948966
3.3069820800187163e-17 -1.5707963267948966e+00 -1.5707963267948966e+00 -1.5707963267948966e+00 -1.5707963267948957e+00 -1.5707963267948852e+00 -1.5707963267947731e+00 -1.5707963267937641e+00 -1.5707963267859459e+00 -1.5707963267329852e+00 -1.5707963264155838e+00 -1.5707963247161707e+00 -1.5707963165225907e+00 -1.5707962807130453e+00 -1.5707961380597089e+00 -1.5707956176262921e+00 -1.5707938718324941e+00 -1.5707884684844433e+00 -1.5707729922643441e+00 -1.5707318668478711e+00 -1.5706302524391746e+00 -1.5703963590132521e+00 -1.5698940261541776e+00 -1.5688860441947088e+00 -1.5669942865597091e+00 -1.5636709380623071e+00 -1.5582034416281743e+00 -1.5497797652601752e+00 -1.5376358943245745e+00 -1.5212930057405010e+00 -1.5008692851786072e+00 -1.4774168865436770e+00 -1.4531708098566891e+00 -1.4314989168345904e+00 -1.4162996565873280e+00 -1.4108093208853070e+00 -1.4162996565873280e+00 -1.4314989168345904e+00 -1.4531708098566891e+00 -1.4774168865436770e+00 -1.5008692851786072e+00 -1.5212930057405010e+00 -1.5376358943245745e+00 -1.5497797652601752e+00 -1.5582034416281743e+00 -1.5636709380623071e+00 -1.5669942865597091e+00 -1.5688860441947088e+00 -1.5698940261541776e+00 -1.5703963590132521e+00 -1.5706302524391746e+00 -1.5707318668478711e+00 -1.5707729922643441e+00 -1.5707884684844433e+00 -1.5707938718324941e+00 -1.5707956176262921e+00 -1.5707961380597089e+00 -1.5707962807130453e+00 -1.5707963165225907e+00 -1.5707963247161707e+00 -1.5707963264155838e+00 -1.5707963267329852e+00 -1.5707963267859459e+00 -1.5707963267937641e+00 -1.5707963267947731e+00 -1.5707963267948852e+00 -1.5707963267948957e+00 -1.5707963267948966e+00 -1.5707963267948966e+00 -1.5707963267948966e+00
1.5707963267948966 -1.5707963267948966 -1.5707963267948966 -1.5707963267948966 -1.5707963267948966 -1.5707963267948961 -1.5707963267948908 -1.5707963267948384 -1.5707963267943996 -1.5707963267911835 -1.5707963267702971 -1.5707963266489462 -1.5707963260131121 -1.5707963229885733 -1.5707963098536912 -1.5707962575274972 -1.5707960655202207 -1.5707954142545975 -1.5707933660516773 -1.5707873775092978 -1.5707710615788824 -1.5707295543945692 -1.5706307862359281 -1.5704106208758628 -1.5699502813820676 -1.5690464828196211 -1.567378829077249 -1.564485069353345  -1.5597610775356117 -1.5525058532312515 -1.5420293103602039 -1.527831010545054  -1.5098425699967601 -1.4887041447887746 -1.466005828320934  -1.4443568704518537 -1.4270835282905185 -1.4174262768047754 -1.4174262768047754 -1.4270835282905185 -1.4443568704518537 -1.466005828320934 -1.4887041447887746 -1.5098425699967601 -1.527831010545054 -1.5420293103602039 -1.5525058532312515 -1.5597610775356117 -1.564485069353345  -1.567378829077249  -1.5690464828196211 -1.5699502813820676 -1.5704106208758628 -1.5706307862359281 -1.5707295543945692 -1.5707710615788824 -1.5707873775092978 -1.5707933660516773 -1.5707954142545975 -1.5707960655202207 -1.5707962575274972 -1.5707963098536912 -1.5707963229885733 -1.5707963260131121 -1.5707963266489462 -1.5707963267702971 -1.5707963267911835 -1.5707963267943996 -1.5707963267948384 -1.5707963267948908 -1.5707963267948961 -1.5707963267948966 -1.5707963267948966 -1.5707963267948966 -1.5707963267948966
3.141592653589793  -1.5707963267948966 -1.5707963267948966 -1.5707963267948966 -1.5707963267948966 -1.5707963267948966 -1.5707963267948963 -1.5707963267948937 -1.5707963267948701 -1.5707963267946836 -1.5707963267933787 -1.5707963267852025 -1.570796326738945  -1.5707963265010487 -1.5707963253825694 -1.5707963205519744 -1.5707963013072577 -1.570796230328986 -1.5707959872173496 -1.570795211782281  -1.5707929029563141 -1.5707864721903153 -1.5707696853912205 -1.5707285500536259 -1.5706337906175343 -1.5704283314035652 -1.570008589150324 -1.5691999072112282 -1.5677295552573423 -1.5652052262101186 -1.5611117556400413 -1.554841743140154  -1.5457745601222161 -1.533411827006456  -1.5175666343774878 -1.498588724834968 -1.4775828720480175 -1.4565324102804753 -1.438183016424874 -1.4255423430686383 -1.421018970642848  -1.4255423430686383 -1.438183016424874  -1.4565324102804753 -1.4775828720480175 -1.498588724834968  -1.5175666343774878 -1.533411827006456 -1.5457745601222161 -1.554841743140154  -1.5611117556400413 -1.5652052262101186 -1.5677295552573423 -1.5691999072112282 -1.570008589150324  -1.5704283314035652 -1.5706337906175343 -1.5707285500536259 -1.5707696853912205 -1.5707864721903153 -1.5707929029563141 -1.570795211782281  -1.5707959872173496 -1.570796230328986  -1.5707963013072577 -1.5707963205519744 -1.5707963253825694 -1.5707963265010487 -1.570796326738945 -1.5707963267852025 -1.5707963267933787 -1.5707963267946836 -1.5707963267948701 -1.5707963267948937 -1.5707963267948963 -1.5707963267948966 -1.5707963267948966 -1.5707963267948966 -1.5707963267948966 -1.5707963267948966
4.71238898038469   -1.5707963267948966 -1.5707963267948966 -1.5707963267948966 -1.5707963267948966 -1.5707963267948966 -1.5707963267948963 -1.5707963267948963 -1.570796326794895 -1.5707963267948846 -1.5707963267948066 -1.5707963267942828 -1.5707963267911007 -1.5707963267735074 -1.5707963266844842 -1.5707963262701934 -1.5707963244895364 -1.5707963173951554 -1.5707962911109625 -1.5707962002998954 -1.5707959069938033 -1.570795019446968  -1.5707924983453605 -1.5707857644993208 -1.5707688262401112 -1.5707286482319651 -1.5706386711111604 -1.570448237510225  -1.57006699277527   -1.5693445005596278 -1.5680476468912188 -1.5658418167084973 -1.5622855446012638 -1.5568508729159212 -1.5489812762084434 -1.5381947698662228 -1.5242321427839565 -1.5072397221170337 -1.48795988243632 -1.4678729281790814 -1.4491894907582625 -1.4345663568286722 -1.4264902737805825 -1.4264902737805825 -1.4345663568286722 -1.4491894907582625 -1.4678729281790814 -1.48795988243632 -1.5072397221170337 -1.5242321427839565 -1.5381947698662228 -1.5489812762084434 -1.5568508729159212 -1.5622855446012638 -1.5658418167084973 -1.5680476468912188 -1.5693445005596278 -1.57006699277527   -1.570448237510225  -1.5706386711111604 -1.5707286482319651 -1.5707688262401112 -1.5707857644993208 -1.5707924983453605 -1.570795019446968  -1.5707959069938033 -1.5707962002998954 -1.5707962911109625 -1.5707963173951554 -1.5707963244895364 -1.5707963262701934 -1.5707963266844842 -1.5707963267735074 -1.5707963267911007 -1.5707963267942828 -1.5707963267948066 -1.5707963267948846 -1.570796326794895 -1.5707963267948963 -1.5707963267948963 -1.5707963267948966 -1.5707963267948966 -1.5707963267948966 -1.5707963267948966 -1.5707963267948966
1.2737789594028458e-16 -1.5707963267948966e+00 -1.5707963267948966e+00 -1.5707963267948966e+00 -1.5707963267948963e+00 -1.5707963267948963e+00 -1.5707963267948963e+00 -1.5707963267948963e+00 -1.5707963267948963e+00 -1.5707963267948959e+00 -1.5707963267948915e+00 -1.5707963267948593e+00 -1.5707963267946510e+00 -1.5707963267934180e+00 -1.5707963267867380e+00 -1.5707963267534155e+00 -1.5707963265997329e+00 -1.5707963259420026e+00 -1.5707963233213529e+00 -1.5707963135726668e+00 -1.5707962796293646e+00 -1.5707961687616323e+00 -1.5707958283810817e+00 -1.5707948443599951e+00 -1.5707921614105096e+00 -1.5707852526095454e+00 -1.5707684289296071e+00 -1.5707296450272017e+00 -1.5706449182338313e+00 -1.5704693680567361e+00 -1.5701241338873144e+00 -1.5694793286902431e+00 -1.5683349628584864e+00 -1.5664043821056628e+00 -1.5633076798172574e+00 -1.5585847070128858e+00 -1.5517374225409302e+00 -1.5423085562174070e+00 -1.5299980620901621e+00 -1.5148112518180863e+00 -1.4972216366494289e+00 -1.4783122619067659e+00 -1.4598270988435562e+00 -1.4440322111792918e+00 -1.4333046882625871e+00 -1.4294943416644390e+00 -1.4333046882625871e+00 -1.4440322111792918e+00 -1.4598270988435562e+00 -1.4783122619067659e+00 -1.4972216366494289e+00 -1.5148112518180863e+00 -1.5299980620901621e+00 -1.5423085562174070e+00 -1.5517374225409302e+00 -1.5585847070128858e+00 -1.5633076798172574e+00 -1.5664043821056628e+00 -1.5683349628584864e+00 -1.5694793286902431e+00 -1.5701241338873144e+00 -1.5704693680567361e+00 -1.5706449182338313e+00 -1.5707296450272017e+00 -1.5707684289296071e+00 -1.5707852526095454e+00 -1.5707921614105096e+00 -1.5707948443599951e+00 -1.5707958283810817e+00 -1.5707961687616323e+00 -1.5707962796293646e+00 -1.5707963135726668e+00 -1.5707963233213529e+00 -1.5707963259420026e+00 -1.5707963265997329e+00 -1.5707963267534155e+00 -1.5707963267867380e+00 -1.5707963267934180e+00 -1.5707963267946510e+00 -1.5707963267948593e+00 -1.5707963267948915e+00 -1.5707963267948959e+00 -1.5707963267948963e+00 -1.5707963267948963e+00 -1.5707963267948963e+00 -1.5707963267948963e+00 -1.5707963267948963e+00 -1.5707963267948966e+00 -1.5707963267948966e+00 -1.5707963267948966e+00
1.570796326794897  -1.5707963267948963 -1.5707963267948963 -1.5707963267948963 -1.5707963267948963 -1.5707963267948963 -1.5707963267948963 -1.5707963267948963 -1.5707963267948963 -1.5707963267948961 -1.570796326794896  -1.5707963267948941 -1.570796326794881  -1.5707963267947986 -1.5707963267943228 -1.5707963267917897 -1.5707963267793126 -1.5707963267222265 -1.5707963264788352 -1.5707963255090056 -1.570796321888142 -1.57079630919279   -1.5707962673059814 -1.570796137018871 -1.5707957543461633 -1.5707946914449202 -1.5707918958778129 -1.5707849252578334 -1.570768430121146  -1.5707313508092642 -1.570652108034122  -1.5704909855408649 -1.5701791007724522 -1.5696040527177333 -1.5685936988952853 -1.5669015300044304 -1.5641994203826077 -1.5600853758116169 -1.5541143048035362 -1.5458580777760984 -1.5349971973974383 -1.5214408168033722 -1.5054642843467583 -1.4878407654894437 -1.469921132205888 -1.4535877023595671 -1.4410002589500257 -1.4341163552918803 -1.4341163552918803 -1.4410002589500257 -1.4535877023595671 -1.469921132205888  -1.4878407654894437 -1.5054642843467583 -1.5214408168033722 -1.5349971973974383 -1.5458580777760984 -1.5541143048035362 -1.5600853758116169 -1.5641994203826077 -1.5669015300044304 -1.5685936988952853 -1.5696040527177333 -1.5701791007724522 -1.5704909855408649 -1.570652108034122 -1.5707313508092642 -1.570768430121146  -1.5707849252578334 -1.5707918958778129 -1.5707946914449202 -1.5707957543461633 -1.570796137018871  -1.5707962673059814 -1.57079630919279 -1.570796321888142  -1.5707963255090056 -1.5707963264788352 -1.5707963267222265 -1.5707963267793126 -1.5707963267917897 -1.5707963267943228 -1.5707963267947986 -1.570796326794881 -1.5707963267948941 -1.570796326794896  -1.5707963267948961 -1.5707963267948963 -1.5707963267948963 -1.5707963267948963 -1.5707963267948963 -1.5707963267948963 -1.5707963267948963 -1.5707963267948963 -1.5707963267948963
3.141592653589793  -1.5707963267948966 -1.5707963267948966 -1.5707963267948966 -1.5707963267948966 -1.5707963267948966 -1.5707963267948966 -1.5707963267948966 -1.5707963267948966 -1.5707963267948966 -1.5707963267948966 -1.5707963267948963 -1.5707963267948954 -1.5707963267948903 -1.570796326794858 -1.5707963267946747 -1.570796326793715  -1.5707963267890412 -1.5707963267678102 -1.5707963266775973 -1.5707963263181044 -1.5707963249715164 -1.570796320220335  -1.5707963044006374 -1.5707962546095777 -1.5707961062495692 -1.5707956871796696 -1.5707945636241718 -1.5707917012723318 -1.570784765322832 -1.570768764849961  -1.570733596520927  -1.5706598958522693 -1.5705125414711074 -1.5702313117466646 -1.5697187285494139 -1.5688261753770967 -1.5673409484649619 -1.5649787427161295 -1.5613876426113613 -1.5561702449628851 -1.5489294706225742 -1.5393408050725117 -1.5272495347498765 -1.5127860961450685 -1.496484203528171  -1.479371246538277  -1.462977761788697 -1.4491962082729026 -1.439943458559116  -1.4366766672070428 -1.439943458559116  -1.4491962082729026 -1.462977761788697 -1.479371246538277  -1.496484203528171  -1.5127860961450685 -1.5272495347498765 -1.5393408050725117 -1.5489294706225742 -1.5561702449628851 -1.5613876426113613 -1.5649787427161295 -1.5673409484649619 -1.5688261753770967 -1.5697187285494139 -1.5702313117466646 -1.5705125414711074 -1.5706598958522693 -1.570733596520927  -1.570768764849961  -1.570784765322832 -1.5707917012723318 -1.5707945636241718 -1.5707956871796696 -1.5707961062495692 -1.5707962546095777 -1.5707963044006374 -1.570796320220335  -1.5707963249715164 -1.5707963263181044 -1.5707963266775973 -1.5707963267678102 -1.5707963267890412 -1.570796326793715  -1.5707963267946747 -1.570796326794858 -1.5707963267948903 -1.5707963267948954 -1.5707963267948963 -1.5707963267948966 -1.5707963267948966 -1.5707963267948966 -1.5707963267948966 -1.5707963267948966 -1.5707963267948966 -1.5707963267948966 -1.5707963267948966 -1.5707963267948966 -1.5707963267948966